100 182
-248.975 -70.0344 81.7449
-307.317 -28.2973 102.394
-295.15 -110.941 97.0989
-195.641 8.00871 70.3923
-308.8 17.0474 106.222
-277.982 82.4545 95.8959
-308.8 108.214 102.961
-291.886 -156.169 93.3108
-211.029 -155.302 72.235
-266.721 -209.668 80.5521
-291.105 -295.4 67.891
-284.184 196.686 82.9846
-308.8 242.895 86.0277
-234.081 198.786 65.7233
-235.962 -112.693 72.7127
-259.971 58.617 91.2605
-195.574 111.126 64.8713
-254.588 225.04 70.7324
-145.984 -151.206 46.8781
-223.824 -245.771 62.9374
-175.154 -35.962 64.1232
-205.593 -268.313 62.2511
-122.396 -262.858 38.9698
-159.996 76.2616 60.5016
-132.127 25.5701 57.7083
-163.235 146.867 57.7307
-129.177 193.383 48.2208
-93.1143 -95.703 40.5198
-6.92591 52.8358 20.1878
-11.621 147.851 27.5869
-119.7 234.386 44.5407
-102.586 -279.572 32.2619
-23.2925 -273.953 24.3934
-61.0217 -126.603 4.82636
-38.635 -30.4915 25.4851
-14.4526 -14.4818 6.12543
-90.2944 229.324 41.7814
14.6331 -295.4 24.6905
-8.13398 -258.418 23.3842
-10.1035 -166.293 4.7
54.6833 -123.85 7.87977
-12.9896 187.524 31.6676
10.1328 -20.6602 -0.5
24.6024 -211.061 18.6336
66.2691 110.42 8.08096
64.7337 46.2992 2.39722
1.22661 163.299 21.2363
5.08932 243.751 29.0638
69.6501 -85.1466 6.42759
18.5488 -173.159 6.95037
137.802 -226.651 16.488
96.9704 244.9 7.01512
138.678 -65.2635 11.1815
81.9826 -107.498 8.27984
110.566 95.52 -2.32441
166.398 203.967 -6.88018
163.82 -149.018 9.33835
167.176 33.3569 -9.03613
158.068 68.4261 -7.03244
147.047 -295.4 10.7689
192.186 -257.156 12.8182
228.646 123.85 -13.4887
213.707 -119.271 7.78124
229.684 66.4865 -20.0535
189.741 -186.889 8.80386
184.84 -20.0458 -5.54258
286.298 -240.214 10.4301
206.924 -281.57 3.07925
268.768 -190.767 11.1793
236.872 -58.1705 7.84038
224.128 244.9 -11.775
214.87 210.65 -10.6071
259.432 138.072 -15.5572
260.632 -40.6902 5.98946
320.693 162.601 -17.3734
334.905 -120.571 5.77407
321.47 33.7286 -10.5892
343.318 -182.851 6.18151
294.217 -279.981 -11.3166
347.811 -274.842 -17.0406
331.44 65.7933 -26.9998
328.044 244.9 -19.0024
351.985 -61.1459 2.64881
347.335 -116.102 5.56465
361.198 144.666 -24.9308
361.451 23.9249 -3.90328
470.6 -295.4 -30.1616
368.035 -246.662 -22.4732
444.929 -223.318 -29.7153
354.688 228.477 -19.9605
459.523 -149.744 -32.3696
406.354 45.3877 -9.38577
445.372 -90.341 -23.0105
443.87 -22.85 -3.47279
470.6 107.659 -36.6747
414.473 193.156 -24.7125
429.409 234.17 -22.4017
470.6 79.6503 -36.7303
470.6 -57.8814 -28.0148
470.6 173.693 -31.1203

0 2 14
0 14 20
0 20 3
0 3 1
0 1 2
1 10 7
1 7 2
1 3 4
2 7 14
3 20 24
3 24 23
3 23 15
3 15 4
4 15 5
4 5 6
5 15 16
5 16 13
5 13 6
6 13 11
6 11 12
7 10 9
7 9 8
7 8 14
8 9 19
8 19 18
8 18 14
9 10 19
10 37 31
10 31 21
10 21 19
11 13 17
11 17 12
12 17 30
12 30 47
12 47 51
13 16 25
13 25 26
13 26 30
13 30 17
14 18 20
15 23 16
16 23 25
18 19 22
18 22 33
18 33 27
18 27 20
19 21 22
20 27 24
21 31 22
22 31 32
22 32 38
22 38 39
22 39 33
23 24 28
23 28 29
23 29 25
24 27 34
24 34 28
25 29 26
26 29 41
26 41 36
26 36 30
27 33 34
28 34 35
28 35 42
28 42 45
28 45 44
28 44 29
29 44 46
29 46 41
30 36 47
31 37 32
32 37 38
33 39 40
33 40 34
34 40 42
34 42 35
36 41 47
37 59 50
37 50 43
37 43 38
38 43 39
39 43 49
39 49 40
40 49 43
40 43 50
40 50 56
40 56 53
40 53 48
40 48 42
41 46 47
42 48 45
44 45 54
44 54 55
44 55 51
44 51 46
45 48 52
45 52 57
45 57 58
45 58 54
46 51 47
48 53 52
50 59 60
50 60 64
50 64 56
51 55 70
52 53 56
52 56 62
52 62 69
52 69 65
52 65 57
54 58 61
54 61 55
55 61 71
55 71 70
56 64 62
57 65 63
57 63 58
58 63 61
59 86 78
59 78 67
59 67 60
60 67 66
60 66 68
60 68 64
61 63 72
61 72 71
62 64 68
62 68 75
62 75 69
63 65 73
63 73 76
63 76 80
63 80 72
65 69 73
66 67 78
66 78 79
66 79 87
66 87 77
66 77 68
68 77 75
69 75 73
70 71 81
71 72 74
71 74 81
72 80 74
73 75 82
73 82 76
74 80 84
74 84 89
74 89 81
75 77 83
75 83 82
76 82 85
76 85 80
77 87 88
77 88 90
77 90 83
78 86 79
79 86 87
80 85 91
80 91 84
81 89 96
82 83 92
82 92 93
82 93 85
83 90 92
84 91 94
84 94 95
84 95 89
85 93 91
86 98 90
86 90 88
86 88 87
89 95 96
90 98 92
91 93 97
91 97 94
92 98 93
93 98 97
94 99 95
95 99 96
